V1 V2 V3 V4 V5 V6
AFGH-1 (3) 0.992 0.004 0.004 A
AFGH-2 (3) 0.985 0.01 0.005 A
AFGH-3 (7) 0.992 0.004 0.004 A
AFGH-4 (3) 0.995 0.002 0.003 A
AFGH-5 (10) 0.989 0.007 0.004 A
AKIT-1 (7) 0.004 0.007 0.989 A
AKIT-2 (0) 0.006 0.004 0.99 A
AKIT-3 (0) 0.007 0.005 0.988 A
AKIT-4 (3) 0.004 0.007 0.99 A
AKIT-5 (1) 0.002 0.006 0.992 A
AMAL-1 (3) 0.053 0.018 0.929 A
AMAL-2 (7) 0.05 0.031 0.919 A
AMAL-3 (3) 0.01 0.055 0.936 A
AMAL-4 (10) 0.004 0.006 0.99 A
AMAL-5 (1) 0.005 0.005 0.991 A
BSJI-1 (17) 0.015 0.969 0.017 A
BSJI-2 (3) 0.007 0.977 0.016 A
BSJI-3 (14) 0.005 0.987 0.007 A
BSJI-4 (0) 0.006 0.989 0.005 A
BSJI-5 (0) 0.007 0.987 0.006 A
CHOW-1 (0) 0.011 0.05 0.939 A
CHOW-2 (10) 0.012 0.008 0.98 A
CHOW-3 (14) 0.004 0.006 0.99 A
CHOW-4 (25) 0.015 0.025 0.96 A
CHOW-5 (0) 0.035 0.018 0.947 A
HUSK-1 (10) 0.377 0.012 0.611 A
HUSK-2 (3) 0.655 0.007 0.338 A
HUSK-3 (10) 0.276 0.015 0.709 A
HUSK-4 (3) 0.093 0.026 0.881 A
HUSK-5 (3) 0.072 0.01 0.918 A
LHSA-1 (0) 0.993 0.003 0.004 A
LHSA-2 (32) 0.975 0.015 0.01 A
LHSA-3 (25) 0.986 0.007 0.007 A
LHSA-4 (0) 0.98 0.004 0.015 A
LHSA-5 (3) 0.989 0.006 0.005 A
PEKE-1 (0) 0.993 0.004 0.003 A
PEKE-2 (7) 0.987 0.008 0.005 A
PEKE-3 (0) 0.989 0.006 0.005 A
PEKE-4 (0) 0.994 0.004 0.002 A
PEKE-5 (1) 0.991 0.005 0.004 A
SALU-1 (0) 0.895 0.077 0.028 A
SALU-2 (0) 0.954 0.021 0.025 A
SALU-3 (10) 0.939 0.018 0.043 A
SALU-4 (3) 0.977 0.013 0.01 A
SALU-5 (25) 0.823 0.158 0.018 A
SAMO-1 (0) 0.15 0.832 0.018 A
SAMO-2 (0) 0.056 0.909 0.035 A
SAMO-3 (0) 0.103 0.821 0.076 A
SAMO-4 (0) 0.016 0.976 0.007 A
SAMO-5 (0) 0.189 0.805 0.006 A
SHAR-1 (3) 0.031 0.007 0.961 A
SHAR-2 (7) 0.008 0.006 0.986 A
SHAR-3 (3) 0.007 0.012 0.981 A
SHAR-4 (0) 0.009 0.073 0.918 A
SHAR-5 (3) 0.006 0.003 0.991 A
SHIB-1 (17) 0.03 0.005 0.965 A
SHIB-2 (10) 0.014 0.031 0.955 A
SHIB-3 (7) 0.355 0.005 0.64 A
SHIB-4 (3) 0.006 0.015 0.98 A
SHIB-5 (0) 0.012 0.015 0.973 A
SHIH-1 (0) 0.988 0.007 0.005 A
SHIH-2 (7) 0.978 0.009 0.012 A
SHIH-3 (0) 0.982 0.007 0.012 A
SHIH-4 (42) 0.988 0.004 0.007 A
SHIH-5 (10) 0.982 0.008 0.011 A
Alaska (0) 0.003 0.975 0.022 A
Sweden (3) 0.009 0.987 0.004 A
Mexico (3) 0.003 0.994 0.003 A
Quebec (3) 0.005 0.989 0.005 A
China (3) 0.005 0.826 0.17 A
Oman (1) 0.005 0.989 0.005 A
Italy (3) 0.08 0.888 0.032 A
Iran (3) 0.029 0.945 0.026 A
6A (10) 0.002 0.995 0.002 A
AFGH-1 (3) 0.005 0.005 0.99 B
AFGH-2 (3) 0.008 0.01 0.982 B
AFGH-3 (7) 0.004 0.004 0.992 B
AFGH-4 (3) 0.003 0.003 0.994 B
AFGH-5 (10) 0.004 0.008 0.988 B
AKIT-1 (7) 0.988 0.007 0.005 B
AKIT-2 (0) 0.993 0.003 0.004 B
AKIT-3 (0) 0.988 0.004 0.008 B
AKIT-4 (3) 0.989 0.007 0.004 B
AKIT-5 (1) 0.989 0.009 0.002 B
AMAL-1 (3) 0.917 0.015 0.067 B
AMAL-2 (7) 0.927 0.029 0.044 B
AMAL-3 (3) 0.929 0.057 0.014 B
AMAL-4 (10) 0.987 0.007 0.006 B
AMAL-5 (1) 0.99 0.004 0.007 B
BSJI-1 (17) 0.017 0.972 0.011 B
BSJI-2 (3) 0.015 0.978 0.008 B
BSJI-3 (14) 0.006 0.987 0.007 B
BSJI-4 (0) 0.005 0.987 0.007 B
BSJI-5 (0) 0.009 0.984 0.007 B
CHOW-1 (0) 0.92 0.071 0.009 B
CHOW-2 (10) 0.985 0.005 0.01 B
CHOW-3 (14) 0.989 0.006 0.005 B
CHOW-4 (25) 0.961 0.025 0.014 B
CHOW-5 (0) 0.949 0.025 0.025 B
HUSK-1 (10) 0.602 0.01 0.388 B
HUSK-2 (3) 0.336 0.006 0.658 B
HUSK-3 (10) 0.716 0.017 0.267 B
HUSK-4 (3) 0.894 0.025 0.081 B
HUSK-5 (3) 0.916 0.01 0.074 B
LHSA-1 (0) 0.005 0.003 0.992 B
LHSA-2 (32) 0.008 0.016 0.976 B
LHSA-3 (25) 0.007 0.007 0.987 B
LHSA-4 (0) 0.02 0.004 0.976 B
LHSA-5 (3) 0.006 0.005 0.988 B
PEKE-1 (0) 0.004 0.004 0.992 B
PEKE-2 (7) 0.005 0.007 0.987 B
PEKE-3 (0) 0.007 0.007 0.985 B
PEKE-4 (0) 0.002 0.005 0.993 B
PEKE-5 (1) 0.006 0.008 0.986 B
SALU-1 (0) 0.035 0.095 0.87 B
SALU-2 (0) 0.029 0.018 0.953 B
SALU-3 (10) 0.043 0.021 0.935 B
SALU-4 (3) 0.013 0.014 0.972 B
SALU-5 (25) 0.014 0.163 0.823 B
SAMO-1 (0) 0.013 0.822 0.165 B
SAMO-2 (0) 0.029 0.918 0.053 B
SAMO-3 (0) 0.061 0.819 0.121 B
SAMO-4 (0) 0.007 0.969 0.024 B
SAMO-5 (0) 0.005 0.751 0.245 B
SHAR-1 (3) 0.956 0.011 0.033 B
SHAR-2 (7) 0.982 0.007 0.011 B
SHAR-3 (3) 0.983 0.01 0.007 B
SHAR-4 (0) 0.933 0.055 0.012 B
SHAR-5 (3) 0.993 0.003 0.004 B
SHIB-1 (17) 0.96 0.006 0.034 B
SHIB-2 (10) 0.968 0.023 0.01 B
SHIB-3 (7) 0.615 0.007 0.378 B
SHIB-4 (3) 0.981 0.012 0.007 B
SHIB-5 (0) 0.965 0.024 0.011 B
SHIH-1 (0) 0.007 0.006 0.987 B
SHIH-2 (7) 0.012 0.009 0.98 B
SHIH-3 (0) 0.014 0.012 0.975 B
SHIH-4 (42) 0.009 0.005 0.985 B
SHIH-5 (10) 0.013 0.006 0.981 B
Alaska (0) 0.03 0.967 0.003 B
Sweden (3) 0.003 0.989 0.007 B
Mexico (3) 0.003 0.994 0.003 B
Quebec (3) 0.005 0.99 0.005 B
China (3) 0.185 0.81 0.004 B
Oman (1) 0.011 0.983 0.006 B
Italy (3) 0.034 0.908 0.059 B
Iran (3) 0.029 0.947 0.024 B
6A (10) 0.003 0.995 0.002 B
AFGH-1 (3) 0.99 0.005 0.005 C
AFGH-2 (3) 0.984 0.011 0.005 C
AFGH-3 (7) 0.991 0.005 0.004 C
AFGH-4 (3) 0.994 0.003 0.003 C
AFGH-5 (10) 0.989 0.007 0.004 C
AKIT-1 (7) 0.005 0.006 0.99 C
AKIT-2 (0) 0.003 0.003 0.994 C
AKIT-3 (0) 0.007 0.004 0.989 C
AKIT-4 (3) 0.003 0.005 0.992 C
AKIT-5 (1) 0.003 0.008 0.989 C
AMAL-1 (3) 0.067 0.01 0.923 C
AMAL-2 (7) 0.044 0.023 0.933 C
AMAL-3 (3) 0.013 0.053 0.934 C
AMAL-4 (10) 0.005 0.005 0.99 C
AMAL-5 (1) 0.005 0.004 0.991 C
BSJI-1 (17) 0.014 0.974 0.012 C
BSJI-2 (3) 0.008 0.979 0.013 C
BSJI-3 (14) 0.005 0.985 0.01 C
BSJI-4 (0) 0.006 0.991 0.004 C
BSJI-5 (0) 0.006 0.985 0.009 C
CHOW-1 (0) 0.012 0.059 0.929 C
CHOW-2 (10) 0.009 0.007 0.984 C
CHOW-3 (14) 0.005 0.008 0.987 C
CHOW-4 (25) 0.011 0.031 0.959 C
CHOW-5 (0) 0.028 0.02 0.953 C
HUSK-1 (10) 0.352 0.009 0.639 C
HUSK-2 (3) 0.65 0.007 0.343 C
HUSK-3 (10) 0.224 0.019 0.757 C
HUSK-4 (3) 0.074 0.012 0.914 C
HUSK-5 (3) 0.068 0.01 0.922 C
LHSA-1 (0) 0.992 0.004 0.004 C
LHSA-2 (32) 0.977 0.015 0.008 C
LHSA-3 (25) 0.986 0.008 0.007 C
LHSA-4 (0) 0.984 0.004 0.012 C
LHSA-5 (3) 0.989 0.005 0.006 C
PEKE-1 (0) 0.994 0.003 0.003 C
PEKE-2 (7) 0.988 0.007 0.005 C
PEKE-3 (0) 0.989 0.005 0.005 C
PEKE-4 (0) 0.994 0.004 0.002 C
PEKE-5 (1) 0.989 0.005 0.005 C
SALU-1 (0) 0.874 0.101 0.025 C
SALU-2 (0) 0.956 0.023 0.021 C
SALU-3 (10) 0.938 0.027 0.034 C
SALU-4 (3) 0.982 0.009 0.009 C
SALU-5 (25) 0.833 0.144 0.023 C
SAMO-1 (0) 0.148 0.832 0.02 C
SAMO-2 (0) 0.043 0.912 0.045 C
SAMO-3 (0) 0.106 0.802 0.092 C
SAMO-4 (0) 0.028 0.962 0.01 C
SAMO-5 (0) 0.253 0.742 0.005 C
SHAR-1 (3) 0.026 0.007 0.966 C
SHAR-2 (7) 0.008 0.005 0.987 C
SHAR-3 (3) 0.006 0.014 0.981 C
SHAR-4 (0) 0.007 0.076 0.917 C
SHAR-5 (3) 0.007 0.003 0.99 C
SHIB-1 (17) 0.039 0.007 0.955 C
SHIB-2 (10) 0.01 0.038 0.952 C
SHIB-3 (7) 0.359 0.003 0.637 C
SHIB-4 (3) 0.006 0.009 0.985 C
SHIB-5 (0) 0.008 0.014 0.978 C
SHIH-1 (0) 0.988 0.007 0.005 C
SHIH-2 (7) 0.981 0.007 0.012 C
SHIH-3 (0) 0.977 0.009 0.014 C
SHIH-4 (42) 0.989 0.004 0.006 C
SHIH-5 (10) 0.982 0.009 0.01 C
Alaska (0) 0.003 0.976 0.021 C
Sweden (3) 0.008 0.989 0.003 C
Mexico (3) 0.003 0.994 0.003 C
Quebec (3) 0.005 0.99 0.004 C
China (3) 0.004 0.867 0.13 C
Oman (1) 0.005 0.986 0.009 C
Italy (3) 0.083 0.9 0.017 C
Iran (3) 0.022 0.96 0.018 C
6A (10) 0.002 0.996 0.002 C
